acc = 0.645
acc_and_f1 = 0.7139373088685015
f1 = 0.7828746177370031
