acc = 0.489
acc_and_f1 = 0.5684954075774971
f1 = 0.6479908151549942
