accuracy = 0.6521212121212121
f1 = 0.7863777089783281
precision = 0.9442379182156134
recall = 0.6737400530503979
num_true_pos = 1016
num_false_pos = 492
num_true_neg = 60
num_false_neg = 82