accuracy = 0.7614238828578642
f1 = 0.7890329995074701
precision = 0.7967506631299734
recall = 0.7814634146341464
num_true_pos = 2403
num_false_pos = 672
num_true_neg = 613
num_false_neg = 273