accuracy = 0.7381818181818182
f1 = 0.7772397094430992
precision = 0.7906403940886699
recall = 0.7642857142857142
num_true_pos = 963
num_false_pos = 297
num_true_neg = 255
num_false_neg = 135