accuracy = 0.5187878787878788
f1 = 0.7125000000000001
precision = 0.7990654205607477
recall = 0.6428571428571429
num_true_pos = 684
num_false_pos = 380
num_true_neg = 172
num_false_neg = 414