accuracy = 0.946875
f1 = 0.6462346760070053
precision = 0.4871287128712871
recall = 0.9596879063719116
num_true_pos = 738
num_false_pos = 31
num_true_neg = 777
num_false_neg = 54