acc = 0.5
acc_and_f1 = 0.5781786941580755
f1 = 0.6563573883161511
