acc = 0.8675
acc_and_f1 = 0.8747299554565702
f1 = 0.8819599109131403
