acc = 0.55
acc_and_f1 = 0.6176573426573426
f1 = 0.6853146853146853
