acc = 0.53
acc_and_f1 = 0.6083333333333334
f1 = 0.6866666666666666
