acc = 0.7958333333333333
acc_and_f1 = 0.7784044715447154
f1 = 0.7609756097560975
