acc = 0.815
acc_and_f1 = 0.8172560975609755
f1 = 0.8195121951219512
