accuracy = 0.73
f1 = 0.6
precision = 0.4931506849315068
recall = 0.7659574468085106
num_true_pos = 144
num_false_pos = 44
num_true_neg = 148
num_false_neg = 64