accuracy = 0.9333333333333333
f1 = 0.6402266288951841
precision = 0.5044642857142857
recall = 0.875968992248062
num_true_pos = 113
num_false_pos = 16
num_true_neg = 111
num_false_neg = 0