accuracy = 0.874375
f1 = 0.6572407883461868
precision = 0.5482487491065047
recall = 0.8203208556149733
num_true_pos = 767
num_false_pos = 168
num_true_neg = 632
num_false_neg = 33