acc = 0.795
acc_and_f1 = 0.7984661835748792
f1 = 0.8019323671497584
