accuracy = 0.8275
f1 = 0.6441281138790036
precision = 0.5468277945619335
recall = 0.7835497835497836
num_true_pos = 181
num_false_pos = 50
num_true_neg = 150
num_false_neg = 19