accuracy = 0.97875
f1 = 0.6587837837837838
precision = 0.49808429118773945
recall = 0.972568578553616
num_true_pos = 780
num_false_pos = 22
num_true_neg = 786
num_false_neg = 12