acc = 0.485
acc_and_f1 = 0.5233510638297871
f1 = 0.5617021276595744
