accuracy = 0.6678787878787878
f1 = 0.793103448275862
precision = 0.9600725952813067
recall = 0.6756066411238825
num_true_pos = 1058
num_false_pos = 508
num_true_neg = 44
num_false_neg = 40