acc = 0.615
acc_and_f1 = 0.5525331125827815
f1 = 0.49006622516556286
