accuracy = 0.7775
f1 = 0.6415770609318997
precision = 0.5755627009646302
recall = 0.7246963562753036
num_true_pos = 179
num_false_pos = 68
num_true_neg = 132
num_false_neg = 21