acc = 0.985
acc_and_f1 = 0.985322966507177
f1 = 0.985645933014354
