acc = 0.785
acc_and_f1 = 0.8196186440677966
f1 = 0.8542372881355933
