acc = 0.525
acc_and_f1 = 0.6014830508474576
f1 = 0.6779661016949152
