accuracy = 0.7169696969696969
f1 = 0.7779565567176187
precision = 0.8174133558748944
recall = 0.7421335379892555
num_true_pos = 967
num_false_pos = 336
num_true_neg = 216
num_false_neg = 131