acc = 0.8575
acc_and_f1 = 0.8607309069212411
f1 = 0.8639618138424822
