accuracy = 0.6
f1 = 0.6866666666666666
precision = 0.8583333333333333
recall = 0.5722222222222222
num_true_pos = 103
num_false_pos = 77
num_true_neg = 17
num_false_neg = 3