acc = 0.765
acc_and_f1 = 0.7985714285714286
f1 = 0.8321428571428572
