accuracy = 0.6624242424242425
f1 = 0.7921686746987953
precision = 0.9624885635864593
recall = 0.673064619321817
num_true_pos = 1052
num_false_pos = 511
num_true_neg = 41
num_false_neg = 46