acc = 0.8249275362318841
acc_and_f1 = 0.8473214040089532
f1 = 0.8697152717860224
