acc = 0.8243478260869566
acc_and_f1 = 0.8488113032567781
f1 = 0.8732747804265998
