acc = 0.625
acc_and_f1 = 0.6761363636363635
f1 = 0.7272727272727272
