acc = 0.44583333333333336
acc_and_f1 = 0.5267514749262536
f1 = 0.607669616519174
