acc = 0.425
acc_and_f1 = 0.48522727272727273
f1 = 0.5454545454545455
