acc = 0.8898163606010017
acc_and_f1 = 0.8911622519617386
f1 = 0.8925081433224755
