accuracy = 0.9896490785155264
f1 = 0.8047409208327003
precision = 0.6755102040816326
recall = 0.9951146185644495
num_true_pos = 2648
num_false_pos = 13
num_true_neg = 1272
num_false_neg = 28