accuracy = 0.9979166666666667
f1 = 0.6731167933655839
precision = 0.5083507306889353
recall = 0.9959100204498977
num_true_pos = 487
num_false_pos = 2
num_true_neg = 471
num_false_neg = 0