accuracy = 0.7775
f1 = 0.6335877862595419
precision = 0.5337620578778135
recall = 0.7793427230046949
num_true_pos = 166
num_false_pos = 47
num_true_neg = 145
num_false_neg = 42