accuracy = 0.5375
f1 = 0.68
precision = 0.9488372093023256
recall = 0.5298701298701298
num_true_pos = 204
num_false_pos = 181
num_true_neg = 11
num_false_neg = 4