acc = 0.5175
acc_and_f1 = 0.59764816360601
f1 = 0.6777963272120201
