acc = 0.5
acc_and_f1 = 0.5816498316498318
f1 = 0.6632996632996634
