accuracy = 0.525
f1 = 0.5339805825242719
precision = 0.5238095238095238
recall = 0.5445544554455446
num_true_pos = 110
num_false_pos = 92
num_true_neg = 100
num_false_neg = 98